cricket politics
[5, 26, 29, 14]
[0.10483768357856904, 0.0733026052948556, 0.05747687349155568, 0.051814006141766254]
dharamsala to indore
[17]
[0.5669900905084869]
retirement
[14]
[0.05884903818579923]
test captain
[3, 6, 21, 17, 14, 23, 22]
[0.2169788724831718, 0.16412707621815958, 0.12857575540015573, 0.109537249881213, 0.06924332012356993, 0.05976605662540713, 0.05556857004383423]
pcb psl
[11, 29, 4]
[0.3987613437849497, 0.23786386254409053, 0.07810602325184351]
hate
[]
[]
bowling coach
[29, 6, 24]
[0.15946207811500823, 0.10025156193891573, 0.06560991594156915]
relative comfort
[]
[]
possible
[23, 15]
[0.05534812091736982, 0.051743525151666955]
batter bowler
[2, 3, 16]
[0.09290690948714346, 0.08726633903001002, 0.05206958459212497]
